222
967
405
298
599
625
753
576
308
329
174
333
252
526
165
396
527
591
969
604
421
344
474
723
809
204
802
231
40
900
140
653
359
193
357
276
417
385
819
374
575
642
277
452
911
69
922
298
687
11
345
268
68
399
563
472
50
20
148
402
290
980
708
216
550
122
199
902
321
976
518
670
773
524
418
756
772
417
340
322
756
63
63
672
343
245
87
808
744
998
52
823
295
445
215
225
706
561
413
272
568
412
606
787
653
454
402
136
844
866
457
316
841
68
244
190
979
948
223
400
943
455
727
429
59
780
410
169
576
475
231
582
943
810
875
647
416
578
470
100
613
385
642
62
340
234
254
58
759
340
810
219
160
881
493
796
37
731
831
133
636
142
641
909
602
773
996
74
75
460
642
413
358
352
556
906
17
813
814
945
850
507
167
488
465
304
832
926
777
366
274
577
321
770
410
684
862
66
307
702
250
455
423
708
176
825
344
695
898
168
937
910
152
12
326
191
517
397
414
425
842
42
252
730
817
428
172
648
25
733
199
791
991
875
693
596
516
978
414
346
151
802
639
397
27
224
301
333
792
997
652
915
895
557
627
351
934
790
101
470
499
569
865
773
454
250
339
774
905
282
561
895
429
149
455
663
250
970
650
953
32
572
676
225
702
324
199
879
222
71
582
310
516
771
63
811
960
193
704
136
205
322
736
127
821
723
851
259
964
850
199
836
649
982
700
668
324
356
551
534
564
9
468
220
218
160
199
644
95
157
298
447
507
995
184
117
855
253
338
159
436
308
762
258
135
333
250
390
402
535
885
586
987
437
136
186
213
266
829
45
611
981
430
751
624
319
821
302
837
529
653
816
281
821
125
247
887
761
434
868
721
774
512
526
881
653
442
963
922
278
206
749
979
724
210
248
967
382
1000
77
949
724
805
233
495
342
339
257
705
158
703
818
943
348
818
458
168
134
711
565
26
974
359
109
202
959
270
214
707
217
437
58
689
102
184
551
993
353
865
834
179
256
291
842
455
11
467
507
13
219
554
59
3
876
18
285
93
743
116
103
955
962
400
447
462
47
735
113
921
176
800
354
407
727
509
801
509
109
562
281
39
827
406
284
630
782
203
668
560
989
727
977
814
461
411
20
753
712
154
1000
470
31
243
148
849
303
339
263
907
401
466
277
365
34
847
370
399
740
674
114
218
160
858
600
468
678
695
143
381
331
659
613
882
120
830
470
568
906
406
587
60
381
282
935
203
958
935
190
375
539
616
482
641
199
943
717
986
852
809
933
204
148
520
977
530
196
763
642
854
187
181
298
366
976
321
120
842
656
40
82
562
205
71
442
216
997
836
762
949
893
238
776
172
220
555
309
635
699
59
920
199
327
923
467
732
636
937
274
185
312
91
739
815
713
924
247
688
843
976
910
215
304
368
646
312
279
589
919
460
202
683
971
339
798
746
793
378
316
961
66
187
830
377
787
298
464
141
306
30
937
833
692
477
539
974
73
726
344
926
122
996
62
997
814
439
836
94
521
545
799
674
523
420
663
454
469
762
18
786
407
544
274
307
497
432
555
561
627
578
876
34
482
683
773
718
927
172
527
760
181
942
994
133
868
830
948
981
587
164
908
268
361
199
93
656
610
767
906
294
289
68
402
622
315
180
153
774
268
689
929
69
240
235
848
650
352
305
325
560
169
636
85
722
72
752
204
452
767
590
765
510
466
520
811
988
13
508
826
620
783
210
549
774
368
918
230
532
285
967
175
518
674
244
507
690
35
449
141
961
393
10
797
959
858
672
617
461
330
630
264
57
726
400
298
934
97
963
435
726
694
412
774
746
277
714
227
845
721
915
832
507
898
129
547
92
211
500
62
654
265
785
723
725
872
516
517
73
263
14
200
874
352
288
20
121
143
190
959
717
246
576
357
647
937
621
382
686
691
782
284
421
311
184
816
295
714
264
213
653
487
634
360
263
350
744
276
871
358
598
107
914
94
452
178
399
897
854
323
11
610
27
648
528
621
143
82
620
160
597
876
470
260
944
753
995
690
142
521
241
926
73
602
749
272
954
185
111
768
265
581
772
253
998
936
865
317
804
264
375
759
205
798
696
344
890
60
212
774
731
292
911
593
957
788
682
431
696
449
488
846
828
896
19
460
752
628
909
317
317
659
613
836
900
980
107
616
242
40
705
530
469
303
950
537
228
862
176
443
221
954
906
931
452
70
601
857
60
397
839
78
20
1
783
648
780
36
757
811
495
675
965
277
538
768
42
382
386
675
987
301